%YAML:1.0
# General sensor definitions.
camera_id: left_cam

# Sensor extrinsics wrt. the body-frame.
T_BS:
  cols: 4
  rows: 4
  # ESIMTATED
  # data: [0.0, 1.0, 0.0, 0.0,
  #       -1.0, 0.0, 0.0, 0.0375,
  #       0.0, 0.0, 1.0, 0.0,
  #         0, 0, 0, 1]  
  # FACTORY CALIBRATION
  # data: [-0.00177926, 0.99364937, -0.11250672,  0.09486172,
  #        -0.99917547, 0.00279691,  0.04050375, -0.09274562,
  #         0.0405612,  0.11248603,  0.9928251,  -0.3895308,
  #         0.0,        0.0,         0.0,         1.0]
  # FROM KALIBR       
  data: [0.00897561, 0.99995762, -0.00204792, -0.0138278,
        -0.99993851, 0.00898874,  0.00649434,  0.05495759,
         0.00651248, 0.00198951,  0.99997681, -0.00045579,
         0.0,        0.0,         0.0,         1.0]

# Camera specific definitions.
rate_hz: 20
resolution: [640, 400]
camera_model: pinhole
intrinsics: [399.9847717285156, 400.057373046875, 309.4432373046875, 201.7182159423828] #fu, fv, cu, cv
distortion_model: radial-tangential
distortion_coefficients: [0.0, 0.0, 0.0, 0.0]

