%YAML:1.0
# General sensor definitions.
camera_id: right_cam

# Sensor extrinsics wrt. the body-frame.
T_BS:
  cols: 4
  rows: 4
  # ESIMTATED
  # data: [0.0, 1.0, 0.0, 0.0,
  #     -1.0, 0.0, 0.0, -0.0375,
  #     0.0, 0.0, 1.0, 0.0,
  #       0, 0, 0, 1] 
  # FACTORY CALIBRATION
  # data: [0.02460617, 0.99341383, -0.11190846,  0.09485649,
  #       -0.99908851, 0.02834248,  0.03191953, -0.01818678,
  #        0.03488107, 0.11102104,  0.99320574, -0.39255214,
  #        0.0,        0.0,         0.0,         1.0] 
  # FROM KALIBR
  data: [0.008513,   0.99996358, -0.00061404, -0.01346685,
        -0.99990417, 0.0085192,   0.01091218, -0.01682032,
         0.01091701, 0.00052108,  0.99994027, -0.00002789,
         0.0,        0.0,         0.0,         1.0        ]

# Camera specific definitions.
rate_hz: 20
resolution: [640, 400]
camera_model: pinhole
intrinsics: [397.3124084472656, 397.37384033203125, 330.6202392578125, 206.13140869140625] #fu, fv, cu, cv
distortion_model: radial-tangential
distortion_coefficients: [0.0, 0.0, 0.0, 0.0]

